16
21896 22032 22168 22304 22440 22576 22712 22848 22984 23120 23256 23392 23528 23664 23800 23936 
52872 53264 53656 54048 54440 54832 55224 55616 56008 56400 56792 57184 57576 57968 58360 58752 
83848 84496 85144 85792 86440 87088 87736 88384 89032 89680 90328 90976 91624 92272 92920 93568 
114824 115728 116632 117536 118440 119344 120248 121152 122056 122960 123864 124768 125672 126576 127480 128384 
145800 146960 148120 149280 150440 151600 152760 153920 155080 156240 157400 158560 159720 160880 162040 163200 
176776 178192 179608 181024 182440 183856 185272 186688 188104 189520 190936 192352 193768 195184 196600 198016 
207752 209424 211096 212768 214440 216112 217784 219456 221128 222800 224472 226144 227816 229488 231160 232832 
238728 240656 242584 244512 246440 248368 250296 252224 254152 256080 258008 259936 261864 263792 265720 267648 
269704 271888 274072 276256 278440 280624 282808 284992 287176 289360 291544 293728 295912 298096 300280 302464 
300680 303120 305560 308000 310440 312880 315320 317760 320200 322640 325080 327520 329960 332400 334840 337280 
331656 334352 337048 339744 342440 345136 347832 350528 353224 355920 358616 361312 364008 366704 369400 372096 
362632 365584 368536 371488 374440 377392 380344 383296 386248 389200 392152 395104 398056 401008 403960 406912 
393608 396816 400024 403232 406440 409648 412856 416064 419272 422480 425688 428896 432104 435312 438520 441728 
424584 428048 431512 434976 438440 441904 445368 448832 452296 455760 459224 462688 466152 469616 473080 476544 
455560 459280 463000 466720 470440 474160 477880 481600 485320 489040 492760 496480 500200 503920 507640 511360 
486536 490512 494488 498464 502440 506416 510392 514368 518344 522320 526296 530272 534248 538224 542200 546176 
